[[-0.85465448  0.51910687 -0.00968439  0.41858163]
 [ 0.02999181  0.03073968 -0.99907736  0.062762  ]
 [-0.51833022 -0.85415639 -0.04184076  1.36361473]
 [ 0.          0.          0.          1.        ]] 23022627
[[-0.99268877 -0.09028808 -0.08010658  0.54285311]
 [-0.00222855  0.6772685  -0.73573257 -0.05132399]
 [ 0.12068154 -0.73017494 -0.67251805  1.27643092]
 [ 0.          0.          0.          1.        ]] 23022632
[[-0.71112241  0.7030606  -0.0032721   0.33021495]
 [ 0.53738991  0.54053932 -0.64732474 -0.29347674]
 [-0.45333983 -0.46208552 -0.7622073   1.38190165]
 [ 0.          0.          0.          1.        ]] 23280285
[[-0.75436611 -0.59938269  0.26771656  0.40758712]
 [-0.43263751  0.14722178 -0.88946643  0.2605022 ]
 [ 0.49371708 -0.78680756 -0.37037456  1.05347081]
 [ 0.          0.          0.          1.        ]] 23012641
[[-0.9085285   0.40693599 -0.09475788  0.4649502 ]
 [ 0.32438141  0.54402462 -0.77383067 -0.16850049]
 [-0.26334893 -0.73378492 -0.62626435  1.53526639]
 [ 0.          0.          0.          1.        ]] 23022633
[[-0.93085787  0.36532683 -0.00631963  0.49734283]
 [ 0.16466524  0.40400385 -0.89981456 -0.07927183]
 [-0.32617325 -0.83864009 -0.43622679  1.09925697]
 [ 0.          0.          0.          1.        ]] 23263780
[[-0.16482581  0.98605947  0.02278547  0.03002213]
 [ 0.0305537   0.02819486 -0.99913539  0.08819968]
 [-0.98584934 -0.16398712 -0.034775    1.02849146]
 [ 0.          0.          0.          1.        ]] 22645029
[[ 0.68539097  0.72737823  0.03406066 -0.38983548]
 [ 0.56769747 -0.50446385 -0.65056576 -0.23987308]
 [-0.456025    0.46522805 -0.75868575  1.32770791]
 [ 0.          0.          0.          1.        ]] 23280286
[[ 0.84965203 -0.45727866  0.26265502 -0.52069501]
 [-0.47518129 -0.87987195  0.00530003  0.27224587]
 [ 0.22867919 -0.12931193 -0.96487525  2.0449615 ]
 [ 0.          0.          0.          1.        ]] 22684210
[[-0.9897087  -0.13567689 -0.04548054  0.54878633]
 [-0.01922115  0.44099731 -0.89730258  0.01488115]
 [ 0.14180002 -0.88719398 -0.43906674  1.07640031]
 [ 0.          0.          0.          1.        ]] 22684755
[[ 0.90040749  0.43035767  0.06370739 -0.51415521]
 [ 0.23996404 -0.36914707 -0.89785728 -0.09348299]
 [-0.36288237  0.8237249  -0.43565315  1.30413954]
 [ 0.          0.          0.          1.        ]] 22645021
[[ 0.98407029 -0.17705726 -0.01601197 -0.5192011 ]
 [-0.09337792 -0.43813508 -0.89404598  0.10561169]
 [ 0.15128193  0.88129926 -0.44768895  0.94229807]
 [ 0.          0.          0.          1.        ]] 23180202
[[-0.99949057 -0.03046246 -0.00952062  0.43156852]
 [ 0.00810426  0.04628568 -0.99889537  0.08371904]
 [ 0.03086948 -0.99846366 -0.04601523  1.03241529]
 [ 0.          0.          0.          1.        ]] 22684737
[[ 0.97514795  0.21919947 -0.03221917 -0.56316189]
 [ 0.12272429 -0.65548958 -0.74516586 -0.02433644]
 [-0.18445929  0.72269289 -0.66610041  1.36231673]
 [ 0.          0.          0.          1.        ]] 23280594
[[ 0.98914905 -0.06477542  0.13186468 -0.53450349]
 [ 0.05228896 -0.68356279 -0.72801633  0.01103198]
 [ 0.13729535  0.72701173 -0.67275845  1.16687042]
 [ 0.          0.          0.          1.        ]] 22640993
[[ 0.80938178 -0.56648455  0.15490767 -0.43090498]
 [-0.36370796 -0.69060255 -0.62512769  0.30429908]
 [ 0.46110481  0.44962582 -0.76499606  1.41370395]
 [ 0.          0.          0.          1.        ]] 23029839
[[ 0.97119408  0.2378454  -0.01454713 -0.5692663 ]
 [-0.00256828 -0.0505965  -0.99871587  0.09459667]
 [-0.23827601  0.96998431 -0.04852817  1.06694628]
 [ 0.          0.          0.          1.        ]] 22641023
[[ 0.98149438 -0.19035081  0.02086499 -0.53244863]
 [ 0.0104331  -0.05564196 -0.99839628  0.08758807]
 [ 0.1912065   0.98013802 -0.05262632  0.81596621]
 [ 0.          0.          0.          1.        ]] 22641005
[[ 0.03677142  0.99889437 -0.02928993 -0.10015936]
 [ 0.83444943 -0.04681852 -0.54909213 -0.34690718]
 [-0.54985635 -0.00425007 -0.83524843  1.26681629]
 [ 0.          0.          0.          1.        ]] 22684253
[[ 0.00566886  0.99993658 -0.00973103 -0.05496057]
 [ 0.98105243 -0.00744584 -0.19359932 -0.48747285]
 [-0.1936595  -0.00844916 -0.98103242  1.55562978]
 [ 0.          0.          0.          1.        ]] 23028333
[[-0.67511415 -0.73524641  0.06027931  0.42715431]
 [-0.64496171  0.5485938  -0.53204251  0.36941451]
 [ 0.35811349 -0.39806727 -0.84456922  1.59064541]
 [ 0.          0.          0.          1.        ]] 23022639
[[ 0.07312142 -0.88768163  0.45461476 -0.03401789]
 [-0.99720106 -0.07220417  0.0194064   0.50066706]
 [ 0.01559838 -0.45476134 -0.89047673  0.9241788 ]
 [ 0.          0.          0.          1.        ]] 23173282
[[ 0.77869639 -0.61084603 -0.14317491 -0.39321363]
 [-0.61172825 -0.68852235 -0.3895196   0.38680982]
 [ 0.13935738  0.39090165 -0.90982164  1.56797122]
 [ 0.          0.          0.          1.        ]] 23263775
[[ 6.78835974e-01  7.33707482e-01  2.92412451e-02 -4.08760252e-01]
 [ 1.03522367e-01 -5.62036550e-02 -9.93037899e-01 -2.81745100e-04]
 [-7.26955872e-01  6.77136972e-01 -1.14108198e-01  1.06396404e+00]
 [ 0.00000000e+00  0.00000000e+00  0.00000000e+00  1.00000000e+00]] 23173281
