not working 
    tmp = np.array([[-0.0365371,   0.998842,    0.0313001, 0],
                    [ 0.80097246,  0.04799988, -0.59677393, 0],
                    [-0.59758527,  0.00326613, -0.80179871, 0],
                    [ 0,      0,          0,          1.        ]])
    difference is happening but don't konw why


    try reprojection on image later
    also retry with using qpos
