{
    "25322644": [
        [
            0.808885668613355,
            0.19950170903155412,
            -0.5530850234868188,
            0.4913227389521779
        ],
        [
            -0.2591567614326777,
            0.9653437347839575,
            -0.03080984772903822,
            -0.14123393114191546
        ],
        [
            0.5277705449488934,
            0.16825736776393915,
            0.8325549291653366,
            0.2877009625597933
        ]
    ],
    "25305460": [
        [
            0.268799337592865,
            -0.4361300639389687,
            0.8588000252900717,
            -0.5944357894206881
        ],
        [
            0.7329691618899241,
            0.6710810013461554,
            0.11138445740148584,
            -0.18959007780971326
        ],
        [
            -0.6249024914560822,
            0.5995338664002495,
            0.500056016073348,
            0.9606421102011394
        ]
    ],
    "25305467": [
        [
            0.9961616134342578,
            0.073217154053613,
            0.047971744520558884,
            -0.12007724298724304
        ],
        [
            -0.07246994154516063,
            0.9972233637730349,
            -0.017136811769823256,
            -0.171997301924642
        ],
        [
            -0.049093253024191305,
            0.013594524540522032,
            0.9987016778848526,
            0.3693943141737144
        ]
    ],
    "25322643": [
        [
            -0.38854538723840304,
            0.7039113946876825,
            -0.5945933320216442,
            0.2813291905392654
        ],
        [
            -0.9115421052600623,
            -0.3879172669697042,
            0.13642281453191385,
            -0.08822548281311103
        ],
        [
            -0.13462344667186762,
            0.59500331294506,
            0.7923683393413633,
            0.5755140539588148
        ]
    ],
    "25322651": [
        [
            0.7834715578904066,
            -0.5500394032829393,
            0.28918674384025206,
            -0.023064408392654185
        ],
        [
            0.3491333563856339,
            0.7745783617112578,
            0.5273843579663752,
            -0.4801930009241533
        ],
        [
            -0.5140799718289767,
            -0.3122259060437681,
            0.7988972187706418,
            0.4534434321533515
        ]
    ],
    "25322649": [
        [
            -0.15008825904428869,
            -0.751961174126442,
            0.6418939998967408,
            -0.2862621832319459
        ],
        [
            0.5236154423448709,
            0.4902599152199255,
            0.6967582680288313,
            -0.512992297816438
        ],
        [
            -0.8386300632788213,
            0.4406808461176117,
            0.3201562256618262,
            0.8886303996809854
        ]
    ],
    "25305465": [
        [
            0.6093693406096798,
            -0.7504459253821022,
            0.2559295211622224,
            -0.09727553838505971
        ],
        [
            0.6739351416165428,
            0.6602737444316417,
            0.33143627940904374,
            -0.2915358783543412
        ],
        [
            -0.4177085486546985,
            -0.02948720894929832,
            0.9081024572641382,
            0.6589321903879303
        ]
    ],
    "25305462": [
        [
            0.14844848500624375,
            -0.6838390598652138,
            0.7143718831967089,
            -0.304378069183579
        ],
        [
            0.4471182572230885,
            0.6907372383687054,
            0.5683021481470597,
            -0.37740490940822397
        ],
        [
            -0.8820704684758126,
            0.23504511850586304,
            0.4082958252412404,
            0.7509643858035693
        ]
    ],
    "25305463": [
        [
            0.40970749488417413,
            -0.6057297404154292,
            0.682078624655539,
            -0.44965239634186177
        ],
        [
            0.6427720959879211,
            0.7222589948664335,
            0.2553154459758047,
            -0.21005270809621346
        ],
        [
            -0.6472895806785628,
            0.33381645542241656,
            0.6852610982933325,
            0.726347168930568
        ]
    ],
    "24122734": [
        [
            0.3270279124392217,
            -0.8500128359679816,
            0.4129538995763501,
            -0.09828606264454122
        ],
        [
            0.555432114667379,
            0.5264244463055213,
            0.6437176930363566,
            -0.5043329986989759
        ],
        [
            -0.764557329754786,
            0.018854204347961145,
            0.6442799147083795,
            0.5434243057680168
        ]
    ],
    "25322642": [
        [
            0.0642956343530976,
            0.8110113463705816,
            -0.5814866012741046,
            0.3330040263765625
        ],
        [
            -0.13014732189933376,
            0.5845302364397232,
            0.8008658297681033,
            -0.6967544270667232
        ],
        [
            0.9894077753917058,
            0.02418674731951026,
            0.14313369711056223,
            1.0806100976557282
        ]
    ],
    "25305466": [
        [
            0.9942199461540382,
            -0.10009798684856314,
            0.038821278937283425,
            -0.3355074848816999
        ],
        [
            0.10123962679148543,
            0.9944495830345002,
            -0.02864550173464475,
            -0.25131377344212963
        ],
        [
            -0.035738447596142565,
            0.03241018098335264,
            0.9988354937285939,
            0.44484151020703994
        ]
    ],
    "25322641": [
        [
            0.3598514816658216,
            -0.7758047205460282,
            0.5182990900256453,
            -0.35655065864853663
        ],
        [
            0.7805815973412534,
            -0.053959446980530235,
            -0.6227204412685781,
            0.571976143521211
        ],
        [
            0.5110765901849644,
            0.6286616050468283,
            0.5861615010428913,
            0.7829451192286887
        ]
    ],
    "25305464": [
        [
            0.3283597682057533,
            -0.8541297583281549,
            0.4032892492518884,
            -0.15118533373675302
        ],
        [
            0.8159429206187239,
            0.47158560556254425,
            0.33443110937590037,
            -0.3429210952744628
        ],
        [
            -0.47583296745397013,
            0.21924728633325477,
            0.8517708697293263,
            0.6019317249778352
        ]
    ],
    "25322638": [
        [
            -0.10578935825304692,
            0.8768280250907081,
            -0.46902156250639154,
            0.21602253893694598
        ],
        [
            -0.0732783840384294,
            0.4635116936057664,
            0.8830555975268095,
            -0.7306985836568561
        ],
        [
            0.991684874399688,
            0.12778702714376972,
            0.015217936148917532,
            1.3072439112312202
        ]
    ],
    "25305461": [
        [
            0.9933759980813548,
            0.00755846962745276,
            -0.11466035048247118,
            -0.18359316880324805
        ],
        [
            0.033376739102686084,
            0.9358348800938441,
            0.3508547712182518,
            -0.3714752102250885
        ],
        [
            0.1099550804771816,
            -0.3523576971440122,
            0.9293836309837962,
            0.07295409188644143
        ]
    ],
    "25322650": [
        [
            0.9263866828316428,
            -0.06535849562543719,
            -0.37085843784625544,
            0.21373321651130037
        ],
        [
            0.029847932374820918,
            0.9944687877814815,
            -0.1007021899532421,
            -0.04978615550244622
        ],
        [
            0.37538888476503046,
            0.0822198101311992,
            0.9232134574500397,
            0.25452142105256415
        ]
    ],
    "25322645": [
        [
            0.4281844254333087,
            0.5898709538727049,
            -0.6846242440884287,
            0.512261708460442
        ],
        [
            -0.45152716381319963,
            0.7958900753091511,
            0.403338825757206,
            -0.4015224523624292
        ],
        [
            0.78280349906931,
            0.13642303984920928,
            0.6071304934222508,
            0.6780328502234994
        ]
    ],
    "25322646": [
        [
            0.9765484702031615,
            -0.026415475617069806,
            -0.21367102749738648,
            0.251640586176218
        ],
        [
            0.09736616420617374,
            0.9393431812760884,
            0.3288680858002098,
            -0.3242207193683517
        ],
        [
            0.1920232158142377,
            -0.3419599544362493,
            0.919886120207451,
            -0.0434569899118646
        ]
    ],
    "25322639": [
        [
            0.7497756561986256,
            -0.5584289471389711,
            0.3549557386057881,
            -0.2292305756828463
        ],
        [
            0.34385351970071854,
            0.787139503039715,
            0.5120314050366617,
            -0.46538706660686074
        ],
        [
            -0.5653328421039662,
            -0.2618559026480988,
            0.7821957963879641,
            0.563386251113304
        ]
    ],
    "25322652": [
        [
            0.3591724142541657,
            0.6145065551058727,
            -0.7024079089608454,
            0.526004705271874
        ],
        [
            -0.190211831700879,
            0.7850327947138112,
            0.589527751937786,
            -0.5839627809229608
        ],
        [
            0.913681911783215,
            -0.07813581096869887,
            0.39884854158493954,
            0.6024173493405196
        ]
    ],
    "25322640": [
        [
            -0.16874815688244849,
            -0.9817307493803878,
            0.08791356704058431,
            -0.19891524409898026
        ],
        [
            0.9853907046189069,
            -0.17011151747736664,
            -0.008199443408087419,
            0.10906826757254304
        ],
        [
            0.023004756017645726,
            0.08524557080910616,
            0.9960943599167693,
            0.5125104588181708
        ]
    ],
    "24080331": [
        [
            0.14827393529738941,
            0.7520840145770886,
            -0.6421716866454292,
            0.43236602006367764
        ],
        [
            -0.4058876380210466,
            0.638418040174342,
            0.6539706654595817,
            -0.6275672777144422
        ],
        [
            0.901814873138119,
            0.1636827449597602,
            0.3999223594515774,
            1.1157976823160236
        ]
    ],
    "25322648": [
        [
            0.703330048162148,
            0.5656979973374587,
            -0.4304795223476016,
            0.33757093852149767
        ],
        [
            -0.2495016357703759,
            0.763493845007185,
            0.5956727980897326,
            -0.5062616979526172
        ],
        [
            0.6656393746617888,
            -0.3115492327779563,
            0.6781307384681285,
            0.1820215337872651
        ]
    ]
}